0x00 0x00 0x00 0x3F 0xff 0xe0 0x00 0x00
0x00 0x00 0x00 0x7F 0xff 0xe0 0x00 0x00
0x00 0x00 0x00 0xff 0xff 0xf0 0x00 0x00


00000000 00000000 00000000 00111111 11111111 11100000 00000000 00000000
00000000 00000000 00000000 00111111 11111111 11110000 00000000 00000000
00000000 00000000 00000000 11111111 11111111 11111000 00000000 00000000
00000000 00000000 00000111 11111111 11111111 11111100 00000000 00000000
00000000 00000000 00011000 11111111 11111111 11101110 00000000 00000000
00000000 00000000 00111000 11111111 11111111 11100011 00000000 00000000
00000000 00000000 01100000 11111111 11111111 11100011 00000000 00000000
00000000 00000000 11100000 11111111 11111111 11100011 00000000 00000000

